身份证号：
441581200704020347
441581200704020347
441581200704020347
441581200704020347
441581200704020347
441581200704020347
441581200704020347

银行卡号：复制粘贴到web
6214620421003302956
6214622121007112843
6214620221004383983
6214624121001733402
6225684522000864622
6214620421002309549
6225682121004261992
6214622121004432533
6214623821000836020
6214623621002833110
6214620321001680512
6214620521000800058
6214622121003976902
6225680321001170764

6214620421003302956
6214622121007112843
6214620221004383983
6214624121001733402
6225684522000864622
6214620421002309549
6225682121004261992
6214622121004432533
6214623821000836020
6214623621002833110

6214620421003302956
6214622121007112843
6214620221004383983
6214624121001733402
6225684522000864622
6214620421002309549
6225682121004261992
6214622121004432533
6214623821000836020
6214623621002833110

6214620421003302956
6214622121007112843
6214620221004383983
6214624121001733402
6225684522000864622
6214620421002309549
6225682121004261992
6214622121004432533
6214623821000836020
6214623621002833110

6214620421003302956
6214622121007112843
6214620221004383983
6214624121001733402
6225684522000864622
6214620421002309549
6225682121004261992
6214622121004432533
6214623821000836020
6214623621002833110

6214620421003302956
6214622121007112843
6214620221004383983
6214624121001733402
6225684522000864622
6214620421002309549
6225682121004261992
6214622121004432533
6214623821000836020
6214623621002833110

6214620421003302956
6214622121007112843
6214620221004383983
6214624121001733402
6225684522000864622
6214620421002309549
6225682121004261992
6214622121004432533
6214623821000836020
6214623621002833110

6214620421003302956
6214622121007112843
6214620221004383983
6214624121001733402
6225684522000864622
6214620421002309549
6225682121004261992
6214622121004432533
6214623821000836020
6214623621002833110

6214620421003302956
6214622121007112843
6214620221004383983
6214624121001733402
6225684522000864622
6214620421002309549
6225682121004261992
6214622121004432533
6214623821000836020
6214623621002833110

6214620421003302956
6214622121007112843
6214620221004383983
6214624121001733402
6225684522000864622
6214620421002309549
6225682121004261992
6214622121004432533
6214623821000836020
6214623621002833110



图片

